29002519111350
29736249400753
26403532480250
18064392952456
17824703318536
94709170863024
94121264308073
85564540962981
82232550150274
14040569492694
64401671585751
4329779118394
22216669205854
17106028276322
72147484570053
83713982038599
97913601933556
56416545383033
42396116832807
73797741950679
63505165089692
34415530547931
17392032478889
80552258571032
25838719244330
18618328233098
88297355324666
5439775650668
65353196275768
16990509596830
62605455866625
91433040764769
64834984580760
77736776991583
83446707690835
29695481375511
57124639208651
17443088523186
19870926166774
4901288837954
95165296954733
27621498936206
68048777053082
29409025976755
1154448513990
55045581417715
38236674608216
67530275784827
3707964072238
3182633757030
52658004367683
50104389246568
83419608691468
24072088359112
39498717921936
6183792543028
89993853832401
39651841170381
6083478243868
52134924579084
43125523341820
42332277667086
90223469415436
48884235211847
24385876134606
21646847383366
92189681196414
88187378557212
36767713899163
90482894664676
9821600656127
77585932438547
25577206907630
92180484095837
68568338220860
7169675227163
44622335370029
45554965474963
8451291204717
51674628141188
64072698729855
74390902304119
32169870976317
12808565674946
14395842455182
75888914487289
46157435465749
70283857733557
17119721323644
56474666900027
82248869456847
55766703915223
84735130927967
33567954703563
73727816537415
93741099561765
15273562699085
37288955778507
33480995833607
44575648394028
38995230600775
39247527230615
16747650567230
41696476601756
7053265530794
70909734372440
297561602630
71707962540809
7042045089665
11689895792917
2438834677618
60646390596600
47536964949624
50769048605405
74389881128860
82948010108583
63932325524643
57147151615863
34702417718346
30142096462893
57949823408941
5434030055267
17672534994453
38920265960514
18531422835427
94009013398353
24034679053403
30538737359793
70988938991752
36562461306634
3270852172316
71279353453388
15693079706985
50558721059818
27503019033514
77127065376208
1833636149860
61055734240279
3753260161446
16494117117097
72623734510745
53171519444213
53059872486639
92894114544926
64348080263990
38987142906268
31386526372213
42596181572761
12561107158334
90291888886017
91963726989118
69749666250676
92266593500471
75317205199835
7547658111729
9320621346182
5986907334133
80050150224157
92398861314173
242754388004
7687599775827
29832116964383
91941276347421
16949240916712
81902452868688
73313619190423
88967398084256
1066808831289
25815737418338
73723602173276
7916241421992
58940692647595
66570155059299
76690069381699
30690430766338
3585253234116
24165821874615
94691922696680
10766451962504
26679255968475
55193205595330
56756868407760
99399180165581
89046224622545
48205467678933
47414871159816
68172460203912
12977681825391
15741606170327
61298569247381
87613774320596
44887856908755
473491366543
6271458437181
62555865490504
87428882783294
79620829122845
5797040658845
89680470076344
62118346789682
73900920426861
45821702688003
74360202056912
26485535194346
80743156035745
3594594536150
88015266516171
57384707636139
60547361036692
35131819140945
57640761107877
76076065668695
61949542092344
18594809109208
76855077658576
95340819292382
99692967508918
80744732354019
2868661197698
33790101198899
74164122714194
5985634744385
63099783453113
70851296867601
2946626430058
64018490203038
80255657760325
61577910886051
54139332402190
46521586562752
26548781032803
20318734404896
8369783289880
33209666112153
14255273737740
57813896465059
28324689585076
18124373368031
57698959890354
28227302221457
85869706145409
2945160530599
6824807777524
320234740256
72774546843396
83177925498655
39208333928807
79471549873914
27066092183319
61661740431736
51034808005258
27283958106666
10945748452133
45803094695072
85817155014827
60904822772115
52223942049592
67780278773802
29206143694839
57906446879639
58001221424101
51603057557810
95564360123644
52655089255135
75901918544488
73502332823222
63734973597493
84934719079906
33477903253618
52540719962804
80895442421588
26009597523775
54824603362142
59415343551132
26876430082831
18665905422410
19025081989731
56500732747034
59181332770532
15297973731920
84104661724525
21748147975243
68245903286295
81686039446788
62997576822154
34504703787779
19258025199066
74693558436223
59395134690528
5387153672756
25565717882422
97502165993452
94269506003904
24657309700490
29647711951407
30340296630611
36711402065427
35079013149672
99001871940514
20583057509175
80607011220977
31059566875176
36796135700603
45646264989767
3205807690401
69683476984657
78071863219947
24135340058339
96395405690705
48069430356103
91340757411371
60458468480636
69818260686478
9267516275896
97822892945844
96653933041633
51530555197423
15634427486228
55337411382355
35044676688140
68183299374045
40589847059252
44041435658568
1364113905222
20082883066249
12642119665765
66761691418255
32072799698218
3053720250817
72109139152651
13501985463573
62065912627123
17123642090251
72784105775091
93024996815090
38953225196591
38371737518308
64889854071519
87424815736000
43670834291024
16865892460023
81866034093438
48059186597649
90724722084050
64752477336707
53062999310472
96005554252549
96335449747207
70064347127407
34923181451560
95971641817045
34076637417783
63273811317476
55305337835790
51781883533718
72993019112387
5808522077085
10592044202667
83089592861728
71333573710627
51885951940422
19540841214323
95962279298825
22930369655078
10268500640622
7850791186815
3289037190985
83105298856433
42804412471097
83009001868747
2210687669035
90440476423776
84655293412250
52137247933069
46103739112349
32687461668793
27155703721695
60911380556373
54831890960265
56238392288399
93403796875505
44371452713996
17682793378239
23309518456184
18912806499177
52981367614315
13525277394326
10833228971920
6472669169574
80453743249034
23282407148660
21554507294122
97040337214251
43841252375327
50884549929764
92831690764076
21490509879856
77917756399147
40219900910432
27641236473693
3491234619332
32655825287171
49259655617774
21836067415401
99980380097808
19862440131114
77910836079062
79787362558130
21230883562839
80835061998093
20869970236412
43462853273981
76538753738512
17881601833532
99643285862062
39712288200625
1579949222391
76656830105198
90839521686322
91289284103828
74713943397165
50141328225933
81676905078763
78170502050501
15647988707589
37643282608598
29635081673168
31499678984184
59907043769652
40135527414352
60183758008071
22940249211337
74071205558412
81002586330284
34807772420871
7484407269552
21209092798286
90722249362348
83718133263609
50822407257624
12461951473867
63850716206751
12539067104591
28691757034289
58842468510042
79241489652401
51802909528560
90086992850101
67288774986853
62044456177561
36036183261713
71094256837648
61279414439908
53516592133896
77668274290618
98576799634803
81381348776237
52315052882848
96343783261249
64766014322642
18904253970946
56777785290805
87068741434748
72008236951695
58824458844221
59599082303147
8989397169987
10599475524176
6139026259719
55278725701052
19146141604190
75190449072623
68889073640970
98410296181482
56247298546631
95556063336780
20708636506988
18026297580230
1172311573517
56841776285424
42779617763851
21446084420066
26424292773910
73315495401755
51874021492798
39804924931288
27869316652038
27253664653784
17228440447720
5688626725106
84879022953824
59940295279011
30669034103332
83909027987808
23240426684491
77699293900219
80354760658050
85825873795716
99218414767414
66686965436118
76649095568063
72965299275525
62172876451841
37742824371359
2482760930558
76664905624449
16926000295951
32825968420458
16053082595229
42868623357325
89205728486492
13714812162520
75617924609298
39293901996529
85317804691344
68336863866989
1078722201843
27142709781759
33613194124446
11117409100531
86923535210104
30289168150656
8642879793712
81569017637424
81173855885266
57584639086241
38390754923759
81979588779964
49247536064032
15057741949485
98030384644637
95281496128577
97883805434581
68118512271265
62240616922622
58583278018022
21298729655841
45854623933802
89809965591635
47523112006617
96175608559014
79606326619994
75860973677469
42097476162564
67006709024191
3255983210340
2148757087302
87988161042062
70087222602264
66652048126116
15558876252526
45599028870071
86019106242331
53615833981875
98748137972034
21423382089542
9856478994561
34871397772583
83908306275766
10339826113076
87647157550631
62831255198963
57650208864591
16314763470363
8628674221758
84942080814416
59447711823591
68386337429274
37091365096213
54195405171021
69265423434446
12054929623389
33645135051880
2778987863394
99580906439159
58533764267627
65175816250189
79017335096043
46992663078862
58490289631090
94529586552191
39405973459562
4545674312995
45754194985122
95308636294270
8327177081602
30573531109542
51308641621347
61850161409199
18548838182824
7093163267277
33236288600523
31738177344080
72797634382304
13101557662893
40056877982708
31826300352760
9211157891150
29158849205954
3584554793731
50376987604614
92317270858189
15815242270596
70996830805442
14334699878487
62905860208320
38069604787264
68827284316874
98037532908663
45503941593618
82952664538738
85256128660822
4848305341805
51771509817847
88261035389836
58054309621264
41372888393629
88979805777375
23727038974468
91405750944024
56446741219529
94010515681201
41174586019856
15527347934015
92425209286058
30844256809882
1430815277921
59206170181388
38771969133601
64564283287929
13989840390532
77640993170944
63088553452765
98747682566744
76665784119334
53392054428653
62654925040357
17028992783982
8251667394652
68338513804932
7096862864046
43712079040940
99865957807316
94565417922775
5900177984918
5257239133381
2550292692267
66195390256483
52121593551091
60814026620353
62203067897515
99350687303208
41770234293339
6389597188184
19162081439852
66020859946702
59783776750166
86317092370250
46970006921116
58796027540785
98096152901255
57928608651953
40986687143394
144292554988
41958571775026
665846128987
92044097173721
34525257290065
4031601890162
19397289589109
85641927657200
45891351024034
88264298844407
2874126101984
78634440974304
68581317842300
96296964379438
8403272655347
85705362372547
51169775273975
2168778359423
68818928839106
17385774878172
19724384034938
7079907266645
48377746312678
45983817532790
78416025909508
44168435066832
2215250569467
67467273369742
81391465065348
92944123927910
17066784666964
72248105322236
15731427787709
57258138312810
48871217047861
12859849247595
34335911222663
14063606079940
43949612668962
57432571105293
2873542657840
12268931273083
17723180964062
80166024678538
58651828370238
51432540060284
85576030341998
6809629076642
55907049881637
46576247699414
88743455151942
26346319380880
29826148495533
64409733089077
14024679840206
8713445891286
47153286436902
63381597207010
62300700348873
72781543796924
46044076622837
10461818481494
39003921735180
36889818201780
97568908130230
55371166453853
99892682677249
23937147215515
93250719389027
67788558938024
27432838274956
68194799477143
60742041123624
86952196987510
46010498846156
1861780557351
12672082887059
61804709788734
57589344806741
76217912144884
44180181928014
53262115671778
55124961039650
48275626134756
139097951735
73381639097041
33889355669241
92986402458967
69443733460993
83177547193991
11293601120722
31897438854333
2392704742404
1103354571224
18568799910315
96379238230690
32490769795276
70047084708697
99450964413674
16007403482718
35878993080579
20863507234214
13797699992009
93709370155626
29993440024858
34589833307196
27274640939186
65521425224572
59411338264061
90900684578977
14874927759191
76050998140773
10297336729243
47882519997181
2567103044922
25891784678293
46733143173347
54291316128881
78646562748691
18717488609926
81680260969915
78157366534952
96575391054329
6169034661561
45429547455357
66795782010225
15918047039713
5773927458967
32841865775803
99643547764160
94115494059324
91760273985604
1346202190768
96439297888044
42370111066847
92760773352650
82482376819004
4999194758994
95610200626164
27925615858795
54704478671282
49761384307875
89970903180516
17746228580509
75232168396694
77830709751458
43858273164053
38652431318350
78217237198710
9999430393579
45940965835492
74135886612935
39225547379188
4047596595690
34141040959266
61119703678364
40642093452938
11221201015679
69465422669923
46581512166150
94598731233876
71969535707254
13921798807172
14056110537704
6548550208206
74148162506795
88171188445976
32880597378171
37399002374562
7016125751786
27594729747697
33962801505225
9334866866900
23115281811343
62668616204319
66249665475111
13180951898278
62901755547032
12601296564641
32236407254222
45122432816274
38831771538348
3502194860334
65740861896774
90405425053059
2321685650590
51080305777370
6013140144193
27227930940607
9710795926436
18590724115464
50994878209896
47264146307855
40813696723143
40208049604946
10694904035896
42329131750027
47835940464859
97425711874221
62641982191576
72811040166582
53105410595387
53711470351993
67548688935327
60437900113478
65267802236545
72320789144272
54822604801244
25476783421974
4496361598606
65078010580802
18886418272656
91510932303336
43912399239070
55039316792900
28645257950902
80454979945127
91711882605701
23163760368374
97055537631189
15228518361532
10019564208687
95491087231419
98379040561553
69095064450924
34096375110700
3667621409345
60447232643872
59704934237391
28380360554028
2252954058608
89505337060409
53634448755316
85104155604601
78374486660035
51623316544821
77466719148460
15681088751421
39901014996593
29261758070662
99616208414821
89946444419170
71592006225797
99480164252860
97807254601144
23932799811134
19544109892453
33702597743302
508557987640
3702525848370
49723905024444
84160495949145
17433081631558
61116260414730
89962913419257
5709760847041
711231401759
55217091488203
47453484814387
37616197109399
53880632824778
71687162115982
39165558846123
13153453367244
24338018390605
30510205824288
84601127127363
90039666447775
42536710013217
18591738663067
59563953436742
44242212358582
37023487635000
71896946362093
11127718563526
98211933085544
79357072292326
30307003166074
50912281494644
16983498891017
76160193823411
17188053304974
47875718463414
38376737683207
19756947583652
34714053149911
44311999637905
50666332752282
65578165347697
22725875070311
97319748844348
33641675827317
67390695892885
15365318692716
41779083093046
20706952980833
24080115229009
74673449737082
15378165250607
5863645031514
64820302301312
87452793684725
37199699390114
45532777111209
35074850304972
35586641577225
93409055856334
75579088536012
66252649646340
6803091829866
19591368139597
67363431394456
33681729664102
38815627971768
6036156551019
76923597261529
83962686712143
9780949024515
31353590815582
88265419562685
11227202606070
76450701878085
78952339486868
48133349632597
435335436329
28908615359615
42781857581531
30387929604811
90043726153251
4047611946564
66209194524328
39809920833305
59711300554309
65963153752076
95870052419012
39573504917239
22000696721487
2
